0 0 0 0 0 0 0 0 0 0 -48
-16 0 0 0 0 0 0 0 0 0 -48
-16 0 0 0 0 0 0 0 0 0 3
-16 0 0 0 0 0 0 0 0 0 1
-3 0 0 0 0 0 0 1 0 0 3
-3 0 0 0 0 0 0 1 0 0 1
-16 0 0 0 0 0 0 1 0 0 3
-30 -0.631931 0 -0.060402 0 -12 0 1 0 12 3
-55 -0.631931 0 -0.060402 0 -12 0 1 0 12 3
-55 -0.631931 0 -0.060402 0 -12 0 1 0 12 2
-55 -0.631931 0 -0.060402 0 -12 0 1 0 12 1
-55 -0.631931 0 -0.060402 0 -12 0 1 0 12 2
-16 -0.631931 0 -0.060402 0 -12 0 1 0 12 2
-16 -0.631931 0 -0.060402 0 -12 0 0 1 12 2
-16 -0.631931 0 -0.060402 0 -12 0 0 1 12 2
-16 -0.631931 0 -0.060402 0 -12 0 0 0 12 2
-16 -2.92093 0 -1.40873 0 -48 0 0 0 48 2
-16 -2.92093 0 -1.40873 0 -48 0 0 0 46.8 2
-28 -2.94929 0 -1.44001 0 -49 0 0 0 47.8 2
-34 -2.94929 0 -1.44001 0 -49 0 0 0 47.8 2
-10 -2.94929 0 -1.44001 0 -49 0 0 0 47.8 2
-10 -2.94929 0 -1.44001 0 -49 0 0 0 47.8 2
-10 -2.94929 0 -1.44001 0 -49 0 0 0 47.8 2
-10 -2.94929 0 -1.44001 0 -49 0 0 0 47.8 2
-10 -2.94929 0 -1.44001 0 -49 0 0 0 47.8 2
-21 -2.94929 0 -1.44001 0 -49 0 0 0 47.8 2
-6 -2.94929 0 -1.44001 0 -49 0 0 0 47.8 2
-30 -2.94929 0 -1.44001 0 -49 0 0 0 47.8 2
-30 -2.94929 0 -1.44001 0 -49 0 1 0 47.8 2
-30 -2.94929 0 -1.44001 0 -49 0 0 0 47.8 2
-30 -2.94929 0 -1.44001 0 -49 0 1 0 47.8 2
